1 2	0.01904	0.0083566	0.000007037	1	207
2 3	0.099	0.00424115	0.000001414	1	44
2 4	0.00952	0.004178318	0.000003519	1	207
4 5	0.0234	0.003769911	0.000001979	1	108
4 6	0.12705	0.013854424	0.000007587	1	82
6 7	0.0363	0.003958407	0.000002168	1	82
4 8	0.03878	0.008576548	0.000005718	1	135
8 9	0.00816	0.003581416	0.000003016	1	207
8 10	0.12705	0.013854424	0.000007587	1	82
10 11	0.099	0.00424115	0.000001414	1	44
10 12	0.04235	0.004618141	0.000002529	1	82
12 13	0.0363	0.003958407	0.000002168	1	82
7 14	0.02964	0.004775221	2.50699E-06	1	108
5 15   0.8000  0.000000000    0.000000000     1       108